get_partitions
count: 14
min: 847.6729449999999
max: 961.9246509999999
mean: 847.8300670080737
median: 847.987189
std: 0.1571240616926511

hdfsListFiles
count: 44388
min: 199
max: 38392
mean: 366.5849328647382
median: 316.0
std: 457.67150540309325

sql
count: 18
min: 0.01991747
max: 0.04678154
mean: 0.036259206111111116
median: 0.037887895000000005
std: 0.0070708702566234126
